P(a) = 0.08184683356641594
P(b) = 0.017728575600348188
P(c) = 0.023642594380946846
P(d) = 0.040147223702574925
P(e) = 0.12299916034238982
P(f) = 0.02188414545755037
P(g) = 0.021870489641538333
P(h) = 0.06606911383558257
P(i) = 0.06873514930008691
P(j) = 0.0011367591457201623
P(k) = 0.008465730554643223
P(l) = 0.04495197004404176
P(m) = 0.024451438867813802
P(n) = 0.068927381171641
P(o) = 0.07282349052461444
P(p) = 0.018125644712082875
P(q) = 0.0016346712064668342
P(r) = 0.05476419907238493
P(s) = 0.06747146109528047
P(t) = 0.09243534321267428
P(u) = 0.02804396892636574
P(v) = 0.009031921695450092
P(w) = 0.023343216876067517
P(x) = 0.0010821358816720042
P(y) = 0.01772332336342048
P(z) = 0.0006640578222264862
