P(a) = 0.1074542153665033
P(b) = 0.009164108771622886
P(c) = 0.04304582205209329
P(d) = 0.03718122910824949
P(e) = 0.11408901374203347
P(f) = 0.010856061360178196
P(g) = 0.018413037816914325
P(h) = 0.008683915418745696
P(i) = 0.11723490504366772
P(j) = 0.0002388039034275578
P(k) = 0.0009456634575731289
P(l) = 0.06332382857887331
P(m) = 0.026830282891772347
P(n) = 0.07237999080407465
P(o) = 0.09089982603584515
P(p) = 0.029757695554541448
P(q) = 0.003744373385021271
P(r) = 0.0660237131917
P(s) = 0.05155471036928923
P(t) = 0.06988465160988305
P(u) = 0.029262276208423164
P(v) = 0.015600681952127467
P(w) = 0.0007336486837631588
P(x) = 0.0003706667505532709
P(y) = 0.0005670246067851335
P(z) = 0.011759853336338312
