P(a) = 0.08386794276183454
P(b) = 0.008881364667816775
P(c) = 0.03216461341331596
P(d) = 0.03800296355684088
P(e) = 0.17100080889353386
P(f) = 0.010204227721425657
P(g) = 0.0093810174878487
P(h) = 0.007846267278466967
P(i) = 0.0733079450525065
P(j) = 0.006239933570513325
P(k) = 0.0002884814992447941
P(l) = 0.05384009678089007
P(m) = 0.030728648431963462
P(n) = 0.07541249991052063
P(o) = 0.05320873032348583
P(p) = 0.02894192430760861
P(q) = 0.011469823976177011
P(r) = 0.06542803352971073
P(s) = 0.08617149974587858
P(t) = 0.06821692663407232
P(u) = 0.06219961774411763
P(v) = 0.01486145013851407
P(w) = 0.00012240778255796474
P(x) = 0.004589218093445099
P(y) = 0.002122450732657108
P(z) = 0.001501105965052936
